simulation_count,transformation,server_transformation,rotation_error,translation_error,elapsed_time
0,"0.881563,0.000000,0.472066,2597.523894;0.000000,1.000000,0.000000,422.213279;-0.472066,0.000000,0.881563,1156.870886;0.000000,0.000000,0.000000,1.000000","0.881563,-0.000000,-0.472066,-1743.761646;0.000000,1.000000,-0.000000,-422.213279;0.472066,0.000000,0.881563,-2246.057869;0.000000,0.000000,0.000000,1.000000",0.0,2.3437142008433856e-13,1.9404347909148782
0,"0.881563,0.000000,0.472066,2597.523894;0.000000,1.000000,0.000000,422.213279;-0.472066,0.000000,0.881563,1156.870886;0.000000,0.000000,0.000000,1.000000","0.877807,0.000600,-0.479015,-1748.939212;-0.000054,0.999999,0.001154,-423.388240;0.479015,-0.000987,0.877806,-2259.774626;-0.000000,-0.000000,-0.000000,1.000000",0.4573972453157279,14.708404649518537,1.9557827909011394
0,"-0.807770,0.000000,-0.589497,9203.948945;0.000000,1.000000,0.000000,-1054.734549;0.589497,0.000000,-0.807770,1078.072648;0.000000,0.000000,0.000000,1.000000","0.254608,0.371415,-0.892875,-4584.012860;0.115630,0.904986,0.409426,476.791311;0.960106,-0.207486,0.187470,-3199.121705;0.000000,0.000000,0.000000,1.000000",140.5536208985678,14835.029819161868,5.399393874919042
0,"-0.807770,0.000000,-0.589497,9203.948945;0.000000,1.000000,0.000000,-1054.734549;0.589497,0.000000,-0.807770,1078.072648;0.000000,0.000000,0.000000,1.000000","1.000000,-0.000000,-0.000000,-1276.347345;-0.000000,1.000000,0.000000,588.315656;-0.000000,-0.000000,1.000000,1067.974838;-0.000000,0.000000,-0.000000,1.000000",143.8786525593333,9631.675605799588,4.359886625083163
0,"-0.807770,0.000000,-0.589497,9203.948945;0.000000,1.000000,0.000000,-1054.734549;0.589497,0.000000,-0.807770,1078.072648;0.000000,0.000000,0.000000,1.000000","0.799007,-0.065016,-0.597797,418.888300;0.103528,0.994166,0.030249,1367.431843;0.592343,-0.086058,0.801077,683.968398;0.000000,0.000000,0.000000,1.000000",179.48027792587473,8503.325005349354,3.9995779159944504
0,"0.349471,0.000000,-0.936947,-4617.840110;0.000000,1.000000,0.000000,-2288.579860;0.936947,0.000000,0.349471,3686.463243;0.000000,0.000000,0.000000,1.000000","0.991686,0.040421,0.122171,-4768.434876;-0.038994,0.999141,-0.014046,100.491091;-0.122634,0.009166,0.992410,-7820.270207;0.000000,0.000000,0.000000,1.000000",62.551804191574384,4269.128240321068,4.367634540889412
0,"0.349471,0.000000,-0.936947,-4617.840110;0.000000,1.000000,0.000000,-2288.579860;0.936947,0.000000,0.349471,3686.463243;0.000000,0.000000,0.000000,1.000000","1.000000,-0.000000,-0.000000,-621.238216;-0.000000,1.000000,0.000000,1225.462641;-0.000000,-0.000000,1.000000,-5560.367369;-0.000000,0.000000,-0.000000,1.000000",69.54504698733167,1618.369675104867,3.737656250130385
0,"0.349471,0.000000,-0.936947,-4617.840110;0.000000,1.000000,0.000000,-2288.579860;0.936947,0.000000,0.349471,3686.463243;0.000000,0.000000,0.000000,1.000000","-0.860050,0.278709,0.427357,-5734.109896;0.471712,0.115178,0.874198,-4446.046784;0.194425,0.953444,-0.230529,-1859.230483;0.000000,0.000000,0.000000,1.000000",121.59094516641531,8638.475003584042,3.571081834146753
